231833
231849
231851
231903
231904
231905
231906
231907
231908
231938
231939
231940
231948
231949
231954
231972
231973
231978
231979
231997
231998
232003
232004
232005
232023
232024
232034
232036
232038
232040
232040
231849
231849
232047
232048
232049
232051
232053
231832
231970
232002
205498
205728
205730
205731
205732
205733
205738
206947
206947
206948
205794
212122
213126
213192
213135
205121
205136
205137
205138
205146
205147
205274
205177
205178
205179
205185
205186
205187
205189
205103
204985
205205
205206
205207
205208
205209
205217
205220
205221
205253
205254
205220
205256
205258
205264
205266
205259
205260
205262
205268
205269
205271
205274
205269
205276
205278
205279
205115
205290
205291
205292
205346
205297
205298
205300
205301
205302
205304
205305
205306
205308
205313
205315
205316
205317
205147
205334
205336
205338
205339
205341
205343
205348
205355
205356
205359
205367
205370
205372
205373
205377
230321
230323
230335
230337
230340
